   0.0000000000000000     
   4208.6518928447695     
   8379.9474914644943     
   12476.862078764698     
   16463.031148809827     
   20303.073180770236     
   23962.903687823356     
   27410.037753488516     
   30613.878370061397     
   33545.988019835597     
   36180.341088537032     
   38493.554870531538     
   40465.097115386976     
   42077.468273591730     
   43316.356823803719     
   44170.766302934018     
   44633.112911537188     
   44699.292828155740     
   44368.718635131976     
   43644.324532568957     
   42532.540294161270     
   41043.234196065307     
   39189.625425376631     
   36988.166745682960     
   34458.398461161691     
   31622.774975447017     
   28506.465484742559     
   25137.130574241659     
   21544.676700801279     
   17760.990741099045     
   13819.656961442666     
   9755.6589214280903     
   5605.0689573706723     
   1404.7280016764303     
  -2808.0814199002007     
  -6995.9661106127696     
  -11121.754107402816     
  -15148.824621893795     
  -19041.433089119426     
  -22765.028438830392     
  -26286.559773256959     
  -29574.769729233700     
  -32600.471920783159     
  -35336.809999558507     
  -37759.496033705880     
  -39847.026089279068     
  -41580.871100690027     
  -42945.641336016051     
  -43929.222997357356     
  -44522.885743770850     
  -44721.360182398625     
  -44522.884639974698     
  -43929.220799562427     
  -42945.638063730134     
  -41580.866782958154     
  -39847.020764425753     
  -37759.489748994893     
  -35336.802810773363     
  -32600.463891732077     
  -29574.760931183064     
  -26286.550284298937     
  -22765.018343189615     
  -19041.422476405518     
  -15148.813586305998     
  -11121.742746893755     
  -6995.9545260191935     
  -2808.0697140477273     
   1404.7397248858190     
   5605.0805938808935     
   9755.6703679526927     
   13819.668116381419     
   17761.001505439970     
   21544.686978999329     
   25137.140275066777     
   28506.474522089557     
   31622.783269099717     
   34458.405937505086     
   36988.173338356493     
   39189.631075863224     
   41043.238854210860     
   42532.543918619747     
   43644.327091169427     
   44368.720105164095     
   44699.293196571409     
   44633.112175066322     
   44170.764468113586     
   43316.353906919707     
   42077.464300534615     
   40465.092121421927     
   38493.548899985275     
   36180.334194404619     
   33545.980263309808     
   30613.869819989701     
   27410.028485761959     
   23962.893784702941     
   20303.062730156835     
   16463.020243463765     
   12476.850815482598     
   8379.9359702200472     
   4208.6402159013678     
