   0.0000000000000000     
   2808.0775179493971     
   5605.0728362074578     
   8379.9474914644834     
   11121.750320566536     
   13819.660679755681     
   16463.031148809812     
   19041.429551548255     
   21544.680126867443     
   23962.903687823338     
   26286.556610271131     
   28506.468497191760     
   30613.878370061375     
   32600.469244433025     
   34458.400953276403     
   36180.341088537003     
   37759.493938802501     
   39189.627308872448     
   40465.097115386954     
   41580.869661446377     
   42532.541502314409     
   43316.356823803697     
   43929.222264759381     
   44368.719125143012     
   44633.112911537173     
   44721.360182398967     
   44633.112666047244     
   44368.718635131969     
   43929.221532161078     
   43316.355851509375     
   42532.540294161263     
   41580.868222202429     
   40465.095450732253     
   39189.625425376631     
   37759.491843898853     
   36180.338790493173     
   34458.398461161691     
   32600.466568082677     
   30613.875520037731     
   28506.465484742552     
   26286.553447285143     
   23962.900386783407     
   21544.676700801272     
   19041.426013976965     
   16463.027513694578     
   13819.656961442661     
   11121.746533730193     
   8379.9436510497344     
   5605.0689573706641     
   2808.0736159985577     
  -3.9096656472693203E-003
  -2808.0814199002070     
  -5605.0767150442107     
  -8379.9513318791869     
  -11121.754107402819     
  -13819.664398068617     
  -16463.034783924933     
  -19041.433089119426     
  -21544.683552933478     
  -23962.906988863124     
  -26286.559773256951     
  -28506.471509640753     
  -30613.881220084826     
  -32600.471920783148     
  -34458.403445390883     
  -36180.343386580593     
  -37759.496033705866     
  -39189.629192367982     
  -40465.098780041364     
  -41580.871100690012     
  -42532.542710467234     
  -43316.357796097698     
  -43929.222997357327     
  -44368.719615153706     
  -44633.113157026761     
  -44721.360182398595     
  -44633.112420556936     
  -44368.718145120554     
  -43929.220799562405     
  -43316.354879214683     
  -42532.539086007760     
  -41580.866782958132     
  -40465.093786077210     
  -39189.623541880457     
  -37759.489748994878     
  -36180.336492449023     
  -34458.395969046680     
  -32600.463891732063     
  -30613.872670013810     
  -28506.462472293111     
  -26286.550284298930     
  -23962.897085743269     
  -21544.673274734934     
  -19041.422476405514     
  -16463.023878579228     
  -13819.653243129536     
  -11121.742746893760     
  -8379.9398106349472     
  -5605.0650785338412     
  -2808.0697140477382     
