   0.0000000000000000     
   1404.7319094128998     
   2808.0775179493994     
   4208.6518928447695     
   5605.0728362074624     
   6995.9622490816300     
   8379.9474914644925     
   9755.6627369363705     
   11121.750320566545     
   12476.862078764698     
   13819.660679755692     
   15148.820943364643     
   16463.031148809827     
   17760.994329212819     
   19041.429551548274     
   20303.073180770236     
   21544.680126867461     
   22765.025073616980     
   23962.903687823356     
   25137.133807850230     
   26286.556610271153     
   27410.037753488516     
   28506.468497191781     
   29574.766796550379     
   30613.878370061397     
   31622.777739998164     
   32600.469244433047     
   33545.988019835597     
   34458.400953276425     
   35336.807603297071     
   36180.341088537032     
   36988.168943241093     
   37759.493938802516     
   38493.554870531538     
   39189.627308872470     
   39847.024314328271     
   40465.097115386976     
   41043.235748780811     
   41580.869661446392     
   42077.468273591730     
   42532.541502314431     
   42945.640245254406     
   43316.356823803719     
   43644.325385436117     
   43929.222264759395     
   44170.766302934018     
   44368.719125143027     
   44522.885375839149     
   44633.112911537188     
   44699.292950961310     
   44721.360182398974     
   44699.292828155740     
   44633.112666047251     
   44522.885007907091     
   44368.718635131976     
   44170.765691327550     
   43929.221532161086     
   43644.324532568957     
   43316.355851509383     
   42945.639154492441     
   42532.540294161270     
   42077.466949239686     
   41580.868222202436     
   41043.234196065307     
   40465.095450732260     
   39847.022539377169     
   39189.625425376638     
   38493.552880349758     
   37759.491843898853     
   36988.166745682967     
   36180.338790493181     
   35336.805207035366     
   34458.398461161698     
   33545.985434327253     
   32600.466568082687     
   31622.774975447021     
   30613.875520037738     
   29574.763863866847     
   28506.465484742563     
   27410.034664246552     
   26286.553447285150     
   25137.130574241663     
   23962.900386783418     
   22765.021708403383     
   21544.676700801283     
   20303.069697232593     
   19041.426013976979     
   17760.990741099045     
   16463.027513694589     
   15148.817264835379     
   13819.656961442673     
   12476.858324337427     
   11121.746533730207     
   9755.6589214280993     
   8379.9436510497490     
   6995.9583875504441     
   5605.0689573706786     
   4208.6480005303520     
   2808.0736159985727     
   1404.7280016764380     
